0 0.7373443983402489 0.35175275432823006 0.05560165975103733 0.020054371154671652
3 0.6686929460580913 0.19882672771498067 0.05410788381742755 0.0596823579911289
3 0.6275726141078838 0.19926169695235374 0.024688796680497838 0.052196308484761776
1 0.6830290456431536 0.37624839032765767 0.21854771784232377 0.4270024323937617
3 0.5374273858921162 0.2387752182000286 0.01790456431535272 0.023030476463013323
1 0.5444190871369294 0.3076377164115038 0.0733609958506225 0.1815424238088425
0 0.5645850622406638 0.31702389469165826 0.02695020746887966 0.013003290885677546
3 0.3341286307053942 0.22838174273858924 0.026244813278008206 0.02719702389469166
1 0.3403526970954357 0.2945199599370439 0.08018672199170122 0.18444984976391465
3 0.2694398340248963 0.24710831306338532 0.013796680497925262 0.023030476463013323
1 0.271701244813278 0.2907883817427386 0.04850622406639005 0.13536700529403348