0 0.2626556016597511 0.35175275432823006 0.05560165975103733 0.020054371154671652
3 0.3313070539419088 0.19882672771498067 0.05410788381742755 0.0596823579911289
3 0.3724273858921162 0.19926169695235374 0.024688796680497838 0.052196308484761776
1 0.3169709543568464 0.37624839032765767 0.21854771784232377 0.4270024323937617
3 0.46257261410788375 0.2387752182000286 0.01790456431535272 0.023030476463013323
1 0.4555809128630705 0.3076377164115038 0.0733609958506225 0.1815424238088425
0 0.43541493775933615 0.31702389469165826 0.02695020746887966 0.013003290885677546
3 0.6658713692946059 0.22838174273858924 0.026244813278008296 0.02719702389469166
1 0.6596473029045644 0.2945199599370439 0.08018672199170122 0.18444984976391465
3 0.7305601659751038 0.24710831306338532 0.01379668049792535 0.023030476463013323
1 0.7282987551867219 0.2907883817427386 0.04850622406639005 0.13536700529403348