3 0.7345466155810983 0.2814900983243318 0.047854406130268146 0.07626152118050741
3 0.605287356321839 0.30402191140039087 0.025415070242656414 0.05567957654372278
3 0.2288505747126437 0.19571558263706168 0.03756066411238841 0.09731616119651018
3 0.6269987228607918 0.2928544830663651 0.027969348659003933 0.06401083260244043
0 0.7149680715197956 0.5374546461708904 0.06544061302681996 0.022728769484066456
0 0.12370370370370373 0.5418270784286572 0.07471264367816097 0.027987505577867108
0 0.3693231162196679 0.45542230223576297 0.03473818646232445 0.025840680730585156
2 0.38975734355044694 0.29155457077351554 0.03928480204342275 0.05262675221960635
1 0.7274584929757343 0.4890427610826448 0.15853128991060023 0.5045038391112342
1 0.5945083014048531 0.44726830694425207 0.09238825031928481 0.3990730739048145
1 0.37754789272030653 0.4282423179307268 0.09206896551724135 0.33913923894812964
1 0.16471264367816082 0.48616719752573506 0.24300127713920822 0.6782193909738572
2 0.19209450830140468 0.24450168490052163 0.06848020434227316 0.11173337026265984
0 0.5813026819923371 0.47903737555586334 0.04782886334610481 0.020581944636784644