3 0.26545338441890165 0.2814900983243318 0.047854406130268146 0.07626152118050741
3 0.394712643678161 0.30402191140039087 0.025415070242656455 0.05567957654372274
3 0.7711494252873563 0.19571558263706168 0.03756066411238841 0.09731616119651018
3 0.3730012771392082 0.2928544830663651 0.027969348659003846 0.06401083260244043
0 0.28503192848020437 0.5374546461708904 0.06544061302681996 0.022728769484066456
0 0.8762962962962962 0.5418270784286572 0.07471264367816097 0.027987505577867108
0 0.630676883780332 0.45542230223576297 0.03473818646232445 0.025840680730585156
2 0.6102426564495531 0.29155457077351554 0.03928480204342275 0.05262675221960635
1 0.2725415070242657 0.4890427610826448 0.1585312899106003 0.5045038391112341
1 0.40549169859514694 0.44726830694425207 0.09238825031928481 0.39907307390481456
1 0.6224521072796935 0.4282423179307268 0.09206896551724135 0.33913923894812964
1 0.8352873563218391 0.48616719752573506 0.24300127713920822 0.6782193909738572
2 0.8079054916985953 0.24450168490052163 0.06848020434227316 0.11173337026265984
0 0.41869731800766286 0.47903737555586334 0.04782886334610481 0.020581944636784644