3 0.28359882005899706 0.3320874643946886 0.051651917404129756 0.0891210453803957
2 0.521150442477876 0.346638943124477 0.0593362831858407 0.10992046386219373
3 0.7352359882005899 0.5471680570699259 0.01777286135693217 0.044898614668120465
0 0.7311504424778762 0.6472162351767798 0.036828908554572236 0.024450811843362064
0 0.6251917404129793 0.6482440347896645 0.010988200589970631 0.02236816525935879
3 0.6284808259587021 0.5405144069444092 0.02436578171091437 0.04822543973087873
0 0.5123008849557522 0.6422124739035254 0.07339233038348088 0.031104461968878592
0 0.2559144542772861 0.6139479845491966 0.06890855457227145 0.02447785920159577
1 0.2715634218289086 0.578488897904675 0.1592035398230089 0.5943927445461537
1 0.5147935103244837 0.6142725528480023 0.16460176991150455 0.6659330070745747
1 0.6339233038348083 0.650705344388941 0.06612094395280241 0.31023319894177204
1 0.7405604719764012 0.6592523095908241 0.06700589970501483 0.30650066350550653