3 0.4332375 0.17783240223463687 0.07285 0.1801340782122904
3 0.23712499999999997 0.15124022346368718 0.048787499999999984 0.10661452513966482
3 0.3812 0.15812290502793297 0.06422499999999998 0.1772960893854749
3 0.5085750000000001 0.15711731843575422 0.016699999999999982 0.06558659217877093
0 0.21905000000000002 0.4652067039106146 0.04674999999999996 0.04388826815642455
0 0.36245000000000005 0.6800893854748603 0.11990000000000003 0.042949720670391156
0 0.9330875000000001 0.5803575418994413 0.11116250000000001 0.034480446927374286
2 0.48687500000000006 0.16728491620111732 0.03466249999999995 0.0615195530726257
2 0.68425 0.13499441340782123 0.03621250000000007 0.07414525139664807
2 0.9477375 0.12136312849162013 0.08366250000000015 0.17284916201117317
1 0.23825 0.4279553072625698 0.14651249999999996 0.6966480446927376
1 0.4453125 0.5293296089385475 0.2625 0.9413407821229051
1 0.6783374999999999 0.2905027932960894 0.09712500000000013 0.42578770949720673
1 0.9203125 0.5097765363128491 0.159375 0.9804469273743017
0 0.6737875 0.32020111731843576 0.051674999999999825 0.02203351955307264