2 0.8984462151394423 0.2971130093405085 0.0799003984063745 0.09794641891723298
3 0.6940637450199203 0.27462259521413307 0.041254980079681224 0.06113666419915334
3 0.7251593625498008 0.2521055652130517 0.04952191235059757 0.07340658243851314
3 0.5937051792828685 0.24247061856956306 0.048884462151394456 0.06645983914030724
2 0.3742828685258964 0.25966447362949036 0.046414342629481985 0.06808340749735918
2 0.19103585657370523 0.2576150512771461 0.06966135458167341 0.10494639396485045
0 0.19256972111553788 0.6514235334237165 0.07272908366533856 0.04085536767335667
0 0.3851593625498008 0.42199469345998053 0.04609561752988043 0.028292674812233302
0 0.9008964143426296 0.5804123797087225 0.08725099601593626 0.02573755084047957
0 0.7063147410358566 0.48297166241089917 0.06575697211155376 0.027440966821648646
0 0.601195219123506 0.4221810045829209 0.04920318725099602 0.024619684102837033
1 0.8950796812749005 0.5344733799665639 0.20308764940239038 0.6054046860574405
1 0.6958964143426295 0.4618120420198122 0.1724103585657371 0.5051693019155112
1 0.5800597609561753 0.40881983548062445 0.09760956175298804 0.4278235700205442
1 0.37320717131474107 0.3989985777141954 0.12515936254980087 0.3754435285995891
1 0.17832669322709158 0.5350589292100907 0.23298804780876498 0.6925982915935424