2 0.10155378486055777 0.2971130093405085 0.0799003984063745 0.09794641891723298
3 0.3059362549800797 0.27462259521413307 0.041254980079681224 0.06113666419915334
3 0.27484063745019915 0.2521055652130517 0.04952191235059766 0.07340658243851314
3 0.4062948207171315 0.24247061856956306 0.048884462151394456 0.06645983914030724
2 0.6257171314741037 0.25966447362949036 0.046414342629481985 0.06808340749735918
2 0.8089641434262947 0.2576150512771461 0.06966135458167351 0.10494639396485045
0 0.8074302788844621 0.6514235334237165 0.07272908366533848 0.04085536767335667
0 0.6148406374501991 0.42199469345998053 0.04609561752988043 0.028292674812233302
0 0.09910358565737051 0.5804123797087225 0.08725099601593626 0.02573755084047957
0 0.29368525896414344 0.48297166241089917 0.06575697211155376 0.027440966821648646
0 0.39880478087649396 0.4221810045829209 0.04920318725099602 0.024619684102837033
1 0.10492031872509959 0.5344733799665639 0.20308764940239046 0.6054046860574405
1 0.3041035856573705 0.4618120420198122 0.1724103585657371 0.5051693019155112
1 0.4199402390438247 0.40881983548062445 0.09760956175298804 0.4278235700205442
1 0.6267928286852589 0.3989985777141954 0.12515936254980087 0.3754435285995891
1 0.8216733067729084 0.5350589292100907 0.23298804780876486 0.6925982915935424