2 0.6984375 0.4252640845070423 0.06963867187500003 0.09517312206572767
2 0.9336328125 0.4093456572769953 0.06243164062499993 0.09686032863849763
2 0.46659179687499996 0.4254841549295775 0.04784179687499997 0.07463321596244128
2 0.36908203125000005 0.4244424882629108 0.03359375000000018 0.04320715962441315
2 0.28552734375 0.43302523474178406 0.036093750000000036 0.03943661971830988
2 0.21312499999999995 0.422549882629108 0.03859375000000007 0.06038732394366189
0 0.21758789062499995 0.571112089201878 0.04083007812500004 0.017972417840375586
0 0.28692382812499995 0.5340228873239437 0.027724609375000143 0.015067488262910772
0 0.46923828125 0.5891285211267606 0.028593749999999928 0.028858568075117212
0 0.7217382812500001 0.6496772300469483 0.06490234375000004 0.028403755868544656
0 0.95720703125 0.6239143192488263 0.06271484375000007 0.02297535211267611
1 0.92958984375 0.5924149061032865 0.13468750000000007 0.4881455399061034
1 0.69705078125 0.6158744131455398 0.18960937499999986 0.5015404929577465
1 0.46492187500000004 0.553462441314554 0.12930664062500002 0.33480046948356823
1 0.363642578125 0.5027728873239438 0.05842773437499993 0.24179870892018784
1 0.28106445312499995 0.5134536384976526 0.05618164062499993 0.23383215962441317
1 0.188720703125 0.5507482394366197 0.1013671875 0.33353873239436643