3 0.09484999999999999 0.13025185185185187 0.07256666666666667 0.17499259259259267
3 0.26948333333333335 0.16367407407407406 0.04325000000000001 0.0810074074074074
3 0.5643333333333334 0.16219259259259258 0.06866666666666674 0.1245925925925926
3 0.8319333333333333 0.1700148148148148 0.041966666666666444 0.11911111111111114
3 0.15056666666666668 0.14082962962962964 0.05064999999999995 0.1538074074074074
3 0.8659833333333333 0.16728888888888893 0.019583333333333286 0.10091851851851853
0 0.5343333333333333 0.5530074074074074 0.0943833333333334 0.030014814814814866
0 0.057833333333333334 0.6617481481481481 0.07233333333333333 0.08666666666666664
0 0.2609166666666667 0.4700444444444444 0.04514999999999993 0.05037037037037035
0 0.8249166666666665 0.5151111111111111 0.07315000000000005 0.034696296296296225
2 0.9215666666666668 0.2265185185185185 0.037900000000000135 0.06702222222222226
2 0.7758666666666667 0.22228148148148147 0.04173333333333336 0.07549629629629627
1 0.12109375 0.5152777777777777 0.2421875 0.9694444444444444
1 0.28256666666666663 0.3971851851851852 0.14085 0.6326814814814813
1 0.5617166666666666 0.5090666666666667 0.20341666666666658 0.8522370370370371
1 0.8282333333333334 0.44035555555555556 0.16553333333333348 0.6851259259259259