2 0.045 0.0670391061452514 0.07 0.1340782122905028
2 0.635 0.04022346368715084 0.05999999999999996 0.08044692737430167
2 0.760025 0.07405586592178771 0.06280000000000001 0.14730726256983237
3 0.48097500000000004 0.09760893854748606 0.07737499999999997 0.1456536312849162
3 0.8164 0.06511731843575419 0.039149999999999976 0.09693854748603352
0 0.36835000000000007 0.5663463687150838 0.08627500000000002 0.042994413407821216
0 0.703775 0.3768491620111732 0.0753 0.04192178770949716
1 0.09577500000000001 0.41188826815642454 0.19152500000000003 0.8229720670391061
1 0.44296875 0.5013966480446927 0.3078125 0.9972067039106145
1 0.7901250000000001 0.38163128491620113 0.25710000000000016 0.7632625698324023
1 0.6406000000000001 0.32925139664804476 0.14894999999999997 0.6536312849162011